48.103333
48.301697
48.782349
49.747467
50.739288
52.005768
53.798676
55.522919
57.064056
58.937073
60.497284
61.836243
63.381195
64.785004
65.917969
66.772461
67.661285
68.397522
68.695068
69.17572
69.538116
69.881439
70.018768
70.297241
70.411682
70.606232
70.930481
71.205139
71.502686
71.643829
72.177887
72.624207
73.188782
73.631287
74.230194
74.733734
75.263977
75.931549
76.591492
77.232361
77.999115
78.590393
79.376221
79.681396
80.230713
80.806732
81.043243
81.386566
81.489563
81.52771
81.752777
81.737518
81.287384
81.096649
80.669403
80.295563
79.544067
78.624725
77.93808
76.839447
75.618744
74.394226
73.059082
72.032928
71.186066
70.186615
69.786072
69.164276
68.683624
68.412781
68.302155
67.886353
67.485809
67.306519
67.073822
66.719055
66.619873
66.413879
66.280365
66.15448
65.982819
65.811157
65.593719
65.273285
64.865112
64.510345
64.07547
63.735962
63.472748
62.770844
62.343597
61.805725
61.325073
60.714722
60.184479
59.879303
59.394836
59.16214
58.59375
58.273315
58.124542
57.758331
57.720184
57.342529
57.285309
57.189941
57.094574
56.88858
56.911469
56.934357
56.865692
56.808472
56.724548
56.640625
56.83136
56.507111
56.705475
56.415558
56.499481
56.224823
56.159973
56.06842
55.980682
55.976868
55.81665
55.866241
55.786133
55.488586
55.519104
55.351257
55.091858
55.053711
54.862976
54.634094
54.645538
54.450989
54.515839
54.298401
54.172516
54.130554
53.955078
53.813934
53.718567
53.760529
53.592682
53.42865
53.134918
53.085327
53.092957
52.894592
52.562714
52.520752
52.55127
52.29187
52.257538
52.013397
51.85318
51.818848
51.704407
51.338196
51.425934
51.189423
51.116943
50.849915
50.765991
50.689697
50.426483
50.243378
50.02594
49.922943
49.671173
49.606323
49.705505
49.423218
49.304962
49.304962
49.373627
49.339294
49.33548
49.621582
49.930573
50.731659
51.902771
53.325653
54.847717
56.655884
58.483124
60.264587
61.916351
63.663483
65.242767
66.669464
67.98172
68.935394
69.728851
70.49942
70.865631
71.44928
71.708679
72.063446
72.292328
72.322845
72.689056
73.005676
73.005676
73.39859
73.642731
74.073792
74.550629
75.027466
75.527191
75.98877
76.54953
77.354431
77.800751
78.544617
79.269409
79.902649
80.554962
81.199646
81.897736
82.41272
82.855225
83.312988
83.789825
84.011078
84.342957
84.285736
84.327698
84.156036
84.106445
84.007263
83.48465
82.97348
82.431793
81.764221
80.917358
79.948425
78.918457
77.43454
76.17569
74.939728
73.543549
72.51358
71.6362
70.911407
70.430756
69.877625
69.431305
68.885803
68.286896
67.901611
67.646027
67.409515
67.058563
66.810608
66.631317
66.287994
66.143036
65.929413
65.52124
65.280914
65.196991
64.826965
64.45694
64.037323
63.583374
63.32016
62.763214
62.232971
61.851501
61.29837
60.80246
60.520172
60.066223
59.577942
59.371948
58.925629
58.570862
58.437347
58.208466
58.002472
57.857513
57.682037
57.559967
57.468414
57.376862
57.403564
57.262421
57.331085
57.327271
57.102203
57.216644
57.262421
57.0755
56.980133
56.987762
57.128906
56.957245
56.919098
56.694031
56.82373
56.655884
56.476593
56.304932
56.32019
56.32782
56.194305
55.961609
55.900574
55.706024
55.690765
55.412292
55.168152
55.00412
55.00412
54.985046
54.767609
54.660797
54.611206
54.458618
54.416656
54.332733
54.18396
54.153442
54.042816
53.93219
53.657532
53.565979
53.386688
53.394318
53.131104
53.123474
52.886963
52.749634
52.848816
52.742004
52.402496
52.360535
52.165985
52.047729
51.91803
51.902771
51.799774
51.548004
51.208496
51.063538
50.804138
50.773621
50.5867
50.411224
50.052643
50.075531
50.041199
50.094604
50.045013
49.922943
49.991608
50.064087
50.14801
50.59433
51.345825
52.623749
54.222107
55.938721
57.704926
59.776306
61.630249
63.632965
65.288544
67.073822
68.630219
69.816589
70.949554
71.735382
72.418213
72.799683
73.444366
73.829651
74.256897
74.21875
74.539185
74.684143
74.901581
75.126648
75.59967
75.885773
76.278687
76.786041
77.255249
77.629089
78.304291
79.059601
79.601288
80.196381
81.005096
81.661224
82.447052
83.324432
83.961487
84.472656
85.220337
85.704803
86.460114
86.730957
87.13913
87.32605
87.44812
87.589264
87.532043
87.459564
87.108612
86.933136
86.31897
85.601807
84.915161
84.163666
83.145142
82.118988
80.841064
79.563141
78.094482
76.541901
75.134277
74.0242
73.184967
72.299957
71.487427
70.903778
70.716858
70.285797
70.00351
69.320679
68.870544
68.683624
68.351746
68.199158
68.061829
67.813873
67.714691
67.527771
67.207336
67.066193
66.677094
66.333771
65.940857
65.70816
65.364838
64.857483
64.334869
64.022064
63.640594
62.934875
62.408447
62.042236
61.649323
61.286926
60.848236
60.440063
60.249329
59.856415
59.627533
59.398651
59.158325
59.024811
58.933258
58.738708
58.65097
58.589935
58.490753
58.422089
58.414459
58.349609
58.403015
58.227539
58.109283
58.124542
58.204651
58.258057
58.143616
58.094025
58.002472
57.964325
57.804108
57.624817
57.563782
57.39212
57.350159
57.197571
57.048798
56.785583
56.846619
56.686401
56.480408
56.377411
56.236267
56.148529
55.934906
55.671692
55.56488
55.503845
55.389404
55.198669
55.091858
55.145264
54.943085
54.771423
54.695129
54.542542
54.336548
54.294586
54.138184
53.966522
53.74527
53.630829
53.531647
53.291321
53.310394
53.108215
52.913666
52.898407
52.768707
52.555084
52.654266
52.22702
52.120209
51.97525
51.811218
51.555634
51.158905
51.052094
50.930023
50.685883
50.575256
50.403595
50.392151
50.22049
50.373077
50.312042
50.354004
50.678253
50.933838
51.795959
52.932739
54.515839
56.354523
58.506012
60.482025
62.473297
64.479828
66.40625
68.172455
69.766998
71.060181
72.376251
73.234558
73.978424
74.562073
75.073242
75.603485
75.920105
76.17569
76.36261
76.728821
76.766968
77.236176
77.465057
77.827454
78.197479
78.666687
79.059601
79.616547
80.093384
80.909729
81.615448
82.130432
82.889557
83.763123
84.514618
85.319519
86.269379
86.75766
87.375641
87.955475
88.733673
89.019775
89.28299
89.473724
89.599609
89.508057
89.458466
89.305878
89.21051
88.676453
88.119507
87.425232
86.62796
85.922241
84.831238
83.580017
82.321167
81.012726
79.738617
78.216553
76.942444
75.473785
74.466705
73.501587
72.921753
72.307587
71.594238
71.037292
70.549011
70.026398
69.568634
69.221497
68.992615
68.984985
68.584442
68.17627
68.099976
68.031311
67.657471
67.378998
67.287445
66.871643
66.730499
66.303253
65.90271
65.315247
64.853668
64.365387
63.682556
63.308716
62.931061
62.263489
61.714172
61.431885
61.023712
60.493469
60.127258
59.749603
59.532166
59.101105
59.078217
58.811188
58.856964
58.700562
58.689117
58.567047
58.578491
58.475494
58.460236
58.372498
58.345795
58.280945
58.254242
58.254242
58.036804
58.040619
57.83844
57.868958
57.750702
57.628632
57.65152
57.514191
57.155609
57.056427
56.919098
56.812286
56.697845
56.655884
56.518555
56.232452
55.961609
56.015015
55.88913
55.599213
55.477142
55.511475
55.24826
55.06134
54.889679
54.782867
54.649353
54.595947
54.298401
54.233551
54.191589
53.821564
53.691864
53.733826
53.4935
53.115845
53.127289
52.845001
52.799225
52.80304
52.539825
52.490234
52.448273
52.021027
52.135468
51.803589
51.811218
51.490784
51.509857
51.113129
50.945282
50.72403
50.537109
50.243378
50.144196
50.151825
49.915314
50.056458
49.869537
49.64447
49.636841
49.575806
49.758911
49.915314
50.567627
51.555634
52.799225
54.298401
55.969238
57.819366
59.490204
61.481476
62.908173
64.662933
66.192627
67.520142
68.634033
69.728851
70.49942
71.063995
71.575165
71.94519
72.475433
72.689056
73.108673
73.135376
73.46344
73.699951
73.982239
73.90213
74.558258
74.871063
75.214386
75.466156
76.030731
76.519012
77.156067
77.770233
78.2547
78.586578
79.315186
79.982758
80.57785
81.386566
81.600189
82.290649
82.622528
83.171844
83.244324
83.614349
83.854675
83.686829
83.770752
83.560944
83.351135
82.763672
82.328796
81.539154
80.623627
79.669952
78.514099
77.358246
75.977325
74.756622
73.413849
72.341919
71.743011
70.892334
70.587158
69.969177
69.522858
68.977356
68.492889
68.069458
67.539215
67.241669
67.085266
66.84494
66.6008
66.375732
65.818787
65.608978
65.33432
65.101624
64.872742
64.533234
64.189911
63.804626
63.163757
62.744141
62.282562
61.641693
61.088562
60.749054
60.230255
59.91745
59.375763
58.917999
58.47168
58.258057
57.762146
57.552338
57.373047
57.277679
57.033539
56.892395
56.713104
56.827545
56.70166
56.522369
56.64444
56.518555
56.32019
56.556702
56.377411
56.350708
56.19812
56.144714
56.167603
56.079865
55.927277
56.041718
55.786133
55.774689
55.610657
55.522919
55.286407
55.263519
55.25589
55.06897
54.870605
54.748535
54.775238
54.676056
54.431915
54.393768
54.229736
54.12674
53.981781
53.947449
53.829193
53.714752
53.623199
53.646088
53.432465
53.184509
53.249359
53.188324
52.890778
52.837372
52.749634
52.562714
52.42157
52.364349
52.307129
52.230835
52.135468
51.937103
51.757813
51.689148
51.624298
51.567078
51.326752
51.223755
51.006317
50.815582
50.807953
50.590515
50.228119
50.056458
49.919128
49.90387
49.697876
49.636841
49.57962
49.495697
49.365997
49.201965
49.194336
49.247742
49.217224
49.58725
50.08316
51.052094
52.085876
53.401947
55.053711
56.64444
58.265686
59.776306
61.542511
63.083649
64.598083
65.719604
66.875458
67.760468
68.584442
69.068909
69.805145
70.205688
70.396423
70.747375
71.052551
71.193695
71.327209
71.586609
71.735382
71.868896
72.223663
72.555542
72.971344
73.177338
73.577881
73.963165
74.523926
75.023651
75.771332
76.160431
76.927185
77.217102
77.831268
78.380585
78.678131
79.177856
79.5784
79.864502
80.245972
80.158234
80.402374
80.345154
80.272675
79.936981
79.555511
79.113007
78.445435
77.388763
76.324463
75.35553
74.1539
72.944641
71.69342
70.739746
69.889069
69.328308
68.832397
68.447113
68.012238
67.806244
67.417145
67.184448
66.703796
66.444397
66.21933
65.921783
65.70816
65.238953
64.89563
64.888
64.620972
64.304352
63.911438
63.503265
63.156128
62.503815
62.015533
61.737061
61.367035
60.768127
60.211182
59.799194
59.379578
58.738708
58.27713
57.975769
57.502747
57.010651
56.827545
56.400299
56.312561
55.976868
55.896759
55.732727
55.618286
55.50766
55.416107
55.400848
55.19104
55.202484
55.072784
55.042267
54.981232
54.889679
54.93927
54.756165
54.569244
54.740906
54.683685
54.607391
54.573059
54.428101
54.397583
54.538727
54.153442
54.092407
53.99704
53.874969
53.93219
53.61557
53.695679
53.512573
53.348541
53.359985
53.218842
53.058624
52.913666
52.909851
52.639008
52.54364
52.455902
52.482605
52.238464
52.181244
52.211761
51.876068
51.891327
51.799774
51.47934
51.544189
51.315308
51.425934
51.128387
51.013947
51.067352
50.800323
50.807953
50.670624
50.613403
50.430298
50.304413
50.128937
50.029755
49.938202
49.800873
49.690247
49.301147
49.240112
49.110413
48.957825
48.820496
48.76709
48.805237
48.545837
48.557281
48.381805
48.297882
48.458099
48.427582
48.782349
49.583435
50.33493
51.475525
53.096771
54.756165
56.369781
58.071136
59.829712
61.504364
62.94632
64.243317
65.624237
66.59317
67.459106
68.138123
68.775177
69.339752
69.454193
69.854736
70.201874
70.354462
70.69397
70.701599
70.88089
71.353912
71.376801
71.643829
72.185516
72.490692
73.013306
73.58551
73.997498
74.371338
75.176239
75.679779
76.335907
77.05307
77.827454
78.201294
78.75824
79.429626
79.982758
80.429077
80.70755
80.974579
81.329346
81.459045
81.417084
81.161499
81.192017
81.047058
80.65033
80.131531
79.444885
78.651428
77.663422
76.660156
75.645447
74.317932
73.177338
71.82312
70.819855
70.064545
69.217682
68.950653
68.492889
68.256378
67.890167
67.554474
67.146301
66.936493
66.665649
66.390991
66.234589
66.27655
65.84549
65.849304
65.483093
65.330505
65.101624
64.922333
64.57901
64.170837
63.949585
63.591003
63.159943
62.580109
62.129974
61.67984
60.947418
60.649872
60.173035
59.726715
59.272766
58.90274
58.479309
58.189392
57.933807
57.70874
57.77359
57.52182
57.323456
57.300568
57.052612
57.136536
56.915283
57.041168
56.88858
56.880951
56.854248
56.816101
56.694031
56.735992
56.751251
56.549072
56.510925
56.404114
56.335449
56.213379
56.034088
56.194305
55.908203
55.805206
55.541992
55.63736
55.38559
55.332184
55.198669
55.110931
55.103302
54.763794
54.748535
54.603577
54.729462
54.382324
54.302216
54.286957
54.145813
54.050446
53.98941
53.768158
53.646088
53.569794
53.455353
53.329468
53.226471
52.993774
52.806854
52.707672
52.501678
52.387238
52.410126
52.268982
52.16217
52.001953
51.765442
51.662445
51.498413
51.395416
51.338196
50.9758
50.891876
50.662994
50.430298
50.239563
50.159454
49.980164
49.777985
50.014496
49.694061
49.564362
49.655914
49.507141
49.682617
49.739838
50.128937
50.72403
51.715851
52.947998
54.431915
56.171417
57.979584
59.803009
61.397552
63.156128
64.712524
66.249847
67.569733
68.546295
69.461823
70.152283
70.682526
71.266174
71.647644
72.040558
72.425842
72.517395
72.639465
72.944641
73.307037
73.455811
73.810577
74.081421
74.306488
74.863434
75.523376
75.828552
76.541901
77.095032
77.701569
78.399658
78.929901
79.586029
80.234528
80.963135
81.542969
82.073212
82.324982
83.095551
83.408356
83.621979
83.698273
84.018707
84.041595
83.91571
83.709717
83.515167
83.099365
82.530975
82.054138
81.15387
80.280304
79.395294
78.365326
76.999664
75.710297
74.27597
73.242188
72.002411
71.151733
70.552826
69.915771
69.576263
69.019318
68.729401
68.244934
67.855835
67.394257
67.188263
67.047119
66.699982
66.516876
66.150665
66.005707
65.681458
65.547943
65.238953
64.872742
64.544678
64.300537
63.877106
63.503265
63.022614
62.454224
62.049866
61.664581
61.061859
60.634613
60.230255
59.715271
59.371948
58.933258
58.670044
58.181763
57.929993
57.853699
57.590485
57.498932
57.411194
57.27005
57.041168
56.926727
57.022095
56.804657
56.82373
56.819916
56.716919
56.797028
56.678772
56.518555
56.610107
56.529999
56.522369
56.518555
56.430817
56.343079
56.282043
56.297302
56.114197
55.976868
55.934906
55.866241
55.747986
55.644989
55.438995
55.24826
55.38559
55.049896
55.023193
54.950714
54.721832
54.634094
54.534912
54.584503
54.416656
54.12674
54.199219
53.951263
53.98941
53.905487
53.768158
53.649902
53.443909
53.596497
53.386688
53.073883
52.970886
52.913666
52.825928
52.631378
52.60849
52.467346
52.391052
52.272797
52.009583
51.944733
51.841736
51.654816
51.582336
51.303864
51.006317
50.777435
50.731659
50.552368
50.380707
50.22049
50.434113
50.315857
50.197601
50.292969
50.205231
50.251007
50.750732
51.22757
52.375793
53.516388
55.37796
56.995392
58.879852
60.85968
62.705994
64.460754
66.287994
67.920685
69.267273
70.320129
71.31958
72.013855
72.639465
73.08197
73.467255
73.936462
74.172974
74.493408
74.726105
74.84436
74.932098
75.4776
75.725555
76.118469
76.358795
77.007294
77.655792
78.086853
78.781128
79.181671
79.906464
80.692291
81.40564
81.977844
82.756042
83.35495
84.068298
84.762573
85.212708
85.647583
86.299896
86.540222
86.936951
87.07428
87.203979
87.284088
87.116241
86.818695
86.502075
86.215973
85.506439
84.938049
84.30481
83.2901
82.424164
81.165314
79.998016
78.43399
77.167511
75.874329
74.546814
73.406219
72.463989
71.781158
71.334839
70.892334
70.240021
69.93866
69.561005
68.996429
68.473816
68.454742
68.084717
68.065643
67.72995
67.577362
67.321777
67.123413
66.818237
66.585541
66.249847
65.998077
65.803528
65.391541
64.834595
64.411163
64.006805
63.476563
62.976837
62.576294
62.046051
61.740875
61.11145
60.916901
60.546875
60.146332
59.947968
59.658051
59.455872
59.185028
59.09729
58.917999
58.761597
58.609009
58.689117
58.3992
58.605194
58.376312
58.27713
58.296204
58.242798
58.15506
58.216095
58.193207
58.071136
57.922363
57.929993
58.055878
57.834625
57.823181
57.720184
57.628632
57.472229
57.353973
57.285309
57.048798
56.854248
56.89621
56.507111
56.453705
56.419373
56.247711
56.1409
55.980682
55.721283
55.679321
55.473328
55.534363
55.286407
55.236816
55.160522
54.759979
54.798126
54.683685
54.431915
54.294586
54.233551
54.008484
53.93219
53.760529
53.703308
53.394318
53.42865
53.386688
53.188324
53.070068
53.039551
52.745819
52.597046
52.574158
52.349091
52.249908
52.017212
51.795959
51.47934
51.448822
51.258087
50.971985
50.949097
50.815582
50.773621
50.701141
50.731659
50.731659
50.666809
51.204681
51.784515
52.696228
54.24118
55.904388
57.880402
59.978485
61.862946
64.041138
65.807343
67.60788
69.301605
70.678711
71.910858
73.009491
73.932648
74.512482
75.099945
75.511932
76.007843
76.259613
76.610565
76.713562
77.011108
77.186584
77.651978
77.953339
78.208923
78.655243
79.189301
79.723358
80.272675
81.027985
81.619263
82.263947
83.026886
83.827972
84.6138
85.205078
85.952759
86.605072
87.287903
87.879181
88.668823
89.073181
89.553833
89.729309
89.935303
89.866638
89.977264
89.809418
89.733124
89.21051
88.920593
88.169098
87.497711
86.826324
85.792542
84.873199
83.816528
82.443237
81.043243
79.395294
78.102112
76.637268
75.454712
74.447632
73.532104
73.009491
72.406769
71.853638
71.350098
70.926666
70.388794
69.980621
69.843292
69.637299
69.446564
69.328308
69.084167
68.9888
68.592072
68.370819
68.321228
67.947388
67.806244
67.466736
66.963196
66.581726
66.207886
65.612793
65.280914
64.529419
64.273834
63.484192
63.011169
62.492371
62.084198
61.603546
61.332703
61.012268
60.718536
60.508728
60.195923
59.959412
59.959412
59.894562
59.764862
59.60083
59.47876
59.528351
59.432983
59.326172
59.276581
59.150696
59.093475
59.082031
58.937073
58.914185
58.620453
58.742523
58.425903
58.380127
58.181763
58.094025
58.010101
57.792664
57.575226
57.430267
57.163239
57.079315
56.800842
56.720734
56.686401
56.396484
56.240082
56.175232
56.041718
55.763245
55.644989
55.515289
55.374146
55.274963
55.038452
55.049896
54.801941
54.607391
54.50058
54.218292
54.275513
53.924561
53.882599
53.699493
53.531647
53.501129
53.226471
53.085327
52.997589
52.928925
52.715302
52.581787
52.333832
52.261353
52.059174
51.830292
51.72348
51.498413
51.303864
51.036835
50.72403
50.559998
50.510406
50.373077
50.289154
50.174713
50.117493
50.102234
50.231934
50.21286
50.468445
51.013947
51.940918
53.276062
54.878235
56.591034
58.273315
60.340881
62.088013
63.587189
65.441132
66.833496
68.359375
69.610596
70.697784
71.315765
71.929932
72.856903
73.120117
73.608398
73.852539
74.256897
74.546814
74.710846
74.85199
74.97406
75.298309
75.565338
76.10321
76.580048
76.915741
77.541351
78.197479
78.632355
79.116821
79.833984
80.478668
81.336975
81.756592
82.641602
83.053589
83.72879
84.293365
84.667206
84.976196
85.266113
85.372925
85.510254
85.784912
85.582733
85.464478
85.151672
84.918976
84.350586
83.652496
82.744598
81.882477
80.654144
79.273224
77.903748
76.625824
75.279236
74.245453
73.047638
72.170258
71.746826
71.094513
70.720673
70.095062
69.530487
69.137573
68.511963
68.069458
68.065643
67.802429
67.493439
67.241669
66.814423
66.513062
66.272736
65.937042
65.639496
65.448761
64.956665
64.651489
64.041138
63.591003
63.236237
62.744141
62.297821
61.973572
61.401367
60.863495
60.42099
59.875488
59.455872
58.990479
58.727264
58.349609
58.235168
58.055878
57.785034
57.621002
57.590485
57.376862
57.27005
57.415009
57.228088
57.182312
57.056427
57.109833
57.094574
56.903839
56.880951
56.934357
56.915283
56.816101
56.697845
56.545258
56.468964
56.358337
56.20575
56.236267
56.022644
56.018829
55.934906
55.686951
55.603027
55.484772
55.50766
55.297852
55.263519
55.229187
55.057526
54.88205
54.782867
54.504395
54.553986
54.374695
54.237366
54.111481
54.233551
53.981781
53.806305
53.760529
53.61557
53.466797
53.359985
53.30658
53.146362
52.993774
52.745819
52.829742
52.684784
52.482605
52.249908
52.35672
52.013397
51.994324
51.906586
51.803589
51.563263
51.643372
51.410675
51.143646
50.960541
50.861359
50.640106
50.354004
50.209045
49.976349
49.968719
49.732208
49.701691
49.70932
49.625397
49.411774
49.423218
49.304962
49.419403
49.747467
50.15564
50.807953
51.628113
53.089142
54.466248
56.083679
57.674408
59.410095
61.069489
62.614441
64.044952
65.242767
66.432953
67.298889
68.267822
69.042206
69.530487
70.140839
70.446014
70.632935
70.907593
71.125031
71.369171
71.445465
71.712494
71.964264
72.26944
72.307587
72.597504
73.181152
73.46344
73.833466
74.306488
74.893951
75.382233
75.832367
76.534271
77.083588
77.487946
78.025818
78.369141
78.887939
79.288483
79.64325
79.967499
79.868317
80.181122
80.078125
79.868317
79.711914
79.19693
78.81546
78.029633
76.980591
75.950623
74.893951
73.566437
72.612762
71.552277
70.556641
69.972992
69.324493
68.756104
68.351746
68.202972
67.85965
67.432404
67.123413
66.84494
66.612244
66.226959
66.066742
65.864563
65.448761
65.124512
64.884186
64.510345
64.258575
63.934326
63.419342
63.140869
62.6297
62.011719
61.626434
61.107635
60.634613
60.03952
59.551239
58.982849
58.551788
58.029175
57.723999
57.163239
56.941986
56.690216
56.354523
56.125641
55.915833
55.706024
55.622101
55.435181
55.400848
55.278778
55.202484
55.088043
55.12619
54.893494
54.851532
54.958344
54.813385
54.626465
54.550171
54.729462
54.576874
54.592133
54.515839
54.466248
54.187775
54.161072
54.191589
54.073334
54.039001
53.783417
53.768158
53.627014
53.516388
53.398132
53.222656
53.081512
53.05481
52.967072
53.077698
52.749634
52.875519
52.825928
52.536011
52.520752
52.417755
52.288055
52.352905
52.173615
52.127838
52.066803
51.876068
51.715851
51.712036
51.47934
51.494598
51.330566
51.319122
51.113129
51.071167
50.991058
50.708771
50.506592
50.537109
50.521851
50.479889
50.449371
50.22049
49.96109
50.02594
49.758911
49.537659
49.40033
49.236298
49.14856
49.003601
48.881531
48.915863
48.690796
48.778534
48.603058
48.39325
48.496246
48.641205
48.915863
49.339294
50.315857
51.490784
53.077698
54.584503
56.171417
57.800293
59.638977
61.161041
62.610626
64.201355
65.574646
66.696167
67.54303
68.244934
68.904877
69.221497
69.80896
70.037842
70.404053
70.495605
70.831299
71.052551
71.231842
71.178436
71.483612
71.868896
72.26181
72.517395
73.047638
73.394775
73.974609
74.504852
74.981689
75.626373
76.099396
76.980591
77.507019
78.037262
78.68576
79.032898
79.761505
80.066681
80.467224
80.863953
81.150055
81.035614
81.001282
81.001282
80.856323
80.738068
80.032349
79.63562
79.048157
78.258514
77.423096
76.400757
75.164795
74.001312
72.669983
71.609497
70.590973
69.816589
69.061279
68.717957
68.122864
67.72995
67.314148
66.993713
66.577911
66.356659
65.95993
65.731049
65.288544
65.46402
64.922333
64.70871
64.323425
64.304352
64.079285
63.678741
63.316345
62.992096
62.507629
62.213898
61.702728
61.267853
60.749054
60.29892
59.593201
59.265137
58.84552
58.311462
58.082581
57.559967
57.342529
56.957245
56.606293
56.465149
56.243896
56.201935
55.938721
56.034088
55.877686
55.934906
55.8815
55.713654
55.747986
55.713654
55.587769
55.675507
55.686951
55.740356
55.839539
55.641174
55.675507
55.625916
55.557251
55.606842
55.496216
55.671692
55.301666
55.301666
55.19104
55.12619
54.992676
55.118561
54.985046
54.759979
54.74472
54.62265
54.748535
54.660797
54.5578
54.24881
54.397583
54.195404
54.084778
53.962708
53.916931
53.821564
53.657532
53.497314
53.516388
53.413391
53.256989
53.092957
53.070068
53.009033
52.669525
52.646637
52.577972
52.505493
52.207947
52.143097
52.177429
51.921844
51.750183
51.700592
51.513672
51.441193
51.235199
51.139832
50.842285
50.655365
50.468445
50.170898
50.128937
49.90387
50.067902
49.999237
49.915314
49.640656
49.636841
49.541473
49.922943
50.151825
50.704956
51.570892
52.871704
54.225922
55.923462
57.525635
59.333801
61.073303
62.69455
64.308167
65.647125
66.982269
67.962646
68.881989
69.660187
70.186615
70.835114
71.01059
71.544647
72.032928
72.002411
72.32666
72.51358
72.681427
72.841644
73.204041
73.394775
73.558807
74.119568
74.436188
75.027466
75.546265
76.183319
76.683044
77.293396
77.812195
78.44162
79.101563
79.742432
80.307007
80.883026
81.432343
81.512451
82.122803
82.298279
82.550049
82.691193
82.679749
82.637787
82.351685
82.130432
81.72226
81.291199
80.677032
79.883575
78.899384
77.793121
76.545715
75.538635
74.008942
72.841644
71.773529
70.934296
70.198059
69.610596
69.18335
68.668365
68.321228
67.985535
67.680359
67.401886
67.22641
66.860199
66.623688
66.310883
65.971375
65.788269
65.46402
65.357208
64.838409
64.63623
64.228058
63.919067
63.625336
63.091278
62.75177
62.091827
61.691284
61.164856
60.55069
60.157776
59.749603
59.242249
58.906555
58.586121
58.21991
57.929993
57.731628
57.437897
57.109833
57.003021
56.846619
56.728363
56.594849
56.468964
56.484222
56.32782
56.407928
56.201935
56.087494
56.030273
55.858612
55.801392
55.973053
55.88913
55.820465
55.854797
55.885315
55.713654
55.561066
55.488586
55.416107
55.339813
55.179596
55.145264
54.954529
54.843903
54.729462
54.458618
54.470062
54.37088
54.24118
54.172516
53.981781
53.928375
53.951263
53.821564
53.791046
53.543091
53.451538
53.30658
53.386688
53.153992
53.035736
52.883148
52.619934
52.661896
52.509308
52.383423
52.364349
52.131653
51.933289
51.925659
51.883698
51.624298
51.750183
51.464081
51.47171
51.273346
51.174164
51.063538
50.96817
50.834656
50.613403
50.579071
50.128937
49.991608
49.930573
49.835205
49.747467
49.655914
49.682617
49.594879
49.64447
49.743652
49.835205
50.037384
50.739288
51.807404
53.131104
54.656982
56.38504
58.479309
60.165405
62.107086
63.957214
65.696716
67.302704
68.683624
69.831848
70.762634
71.537018
72.284698
72.704315
73.055267
73.52066
73.863983
73.917389
74.146271
74.512482
74.562073
74.989319
75.172424
75.54245
76.019287
76.519012
77.163696
77.762604
78.2547
79.093933
79.574585
80.402374
81.108093
81.718445
82.40509
83.179474
83.839417
84.690094
85.075378
85.643768
86.147308
86.471558
86.750031
86.982727
87.112427
87.215424
87.07428
86.830139
86.551666
86.31134
85.918427
85.166931
84.579468
83.5495
82.607269
81.630707
80.196381
79.040527
77.598572
76.099396
74.848175
73.841095
72.719574
71.979523
71.414948
70.87326
70.495605
69.911957
69.61441
69.137573
68.775177
68.527222
68.149567
68.069458
67.7948
67.554474
67.199707
67.165375
66.860199
66.604614
66.329956
66.108704
65.639496
65.307617
64.888
64.45694
64.071655
63.491821
63.148499
62.877655
62.343597
61.885834
61.42807
60.928345
60.569763
60.401917
60.03952
59.692383
59.654236
59.169769
59.356689
59.22699
59.066772
58.887482
58.834076
58.784485
58.792114
58.704376
58.574677
58.326721
58.3992
58.387756
58.265686
58.235168
58.246613
58.116913
58.135986
58.101654
57.983398
57.826996
57.628632
57.670593
57.571411
57.323456
57.21283
57.056427
56.869507
56.747437
56.606293
56.564331
56.32782
56.167603
56.137085
55.995941
55.862427
55.690765
55.667877
55.622101
55.347443
55.274963
55.145264
54.969788
54.74472
54.836273
54.62265
54.485321
54.279327
54.077148
53.913116
53.848267
53.863525
53.756714
53.459167
53.512573
53.165436
53.104401
53.016663
52.86026
52.783966
52.524567
52.387238
52.23465
52.001953
51.837921
51.727295
51.296234
51.166534
51.082611
50.868988
50.754547
50.624847
50.609589
50.437927
50.395966
50.384521
50.491333
50.785065
51.41449
52.238464
53.840637
55.332184
57.331085
59.558868
61.401367
63.369751
65.265656
67.279816
69.030762
70.381165
71.640015
72.795868
73.608398
74.165344
74.642181
75.16098
75.565338
75.996399
76.282501
76.519012
76.522827
77.041626
77.36969
77.472687
77.880859
78.369141
78.922272
79.341888
79.982758
80.501556
81.413269
81.954956
82.660675
83.599091
84.201813
84.93042
85.529327
86.380005
87.043762
87.436676
88.321686
88.695526
88.996887
89.458466
89.801788
89.797974
89.740753
89.748383
89.523315
89.084625
88.756561
88.21106
87.70752
86.811066
86.116791
85.086823
83.904266
82.47757
81.237793
79.925537
78.010559
76.717377
75.473785
74.52774
73.558807
72.860718
72.07489
71.659088
71.166992
70.465088
70.075989
69.972992
69.454193
69.374084
69.198608
69.007874
68.920135
68.759918
68.630219
68.271637
68.279266
68.107605
67.733765
67.481995
67.123413
66.726685
66.352844
65.925598
65.315247
64.956665
64.464569
63.9534
63.50708
62.984467
62.526703
62.05368
61.767578
61.424255
61.187744
60.783386
60.653687
60.214996
60.123444
59.993744
59.883118
59.66568
59.78775
59.844971
59.844971
59.60083
59.661865
59.589386
59.612274
59.379578
59.383392
59.421539
59.329987
59.21936
59.143066
58.90274
58.914185
58.689117
58.643341
58.403015
58.300018
58.254242
57.849884
57.792664
57.632446
57.468414
57.266235
57.067871
56.926727
56.781769
56.613922
56.621552
56.358337
56.13327
56.301117
56.079865
55.828094
55.610657
55.595398
55.362701
55.053711
55.118561
54.733276
54.477692
54.561615
54.222107
53.874969
53.74527
53.710938
53.4935
53.291321
53.081512
52.894592
52.66571
52.631378
52.436829
52.360535
51.933289
51.845551
51.673889
51.441193
51.280975
51.03302
50.628662
50.502777
50.434113
50.33493
50.247192
50.21286
50.178528
50.21286
50.292969
50.315857
50.571442
51.193237
52.364349
53.440094
55.278778
57.079315
59.093475
60.836792
62.690735
64.357758
66.226959
67.699432
69.114685
70.316315
71.350098
72.029114
72.811127
73.26889
73.722839
74.050903
74.382782
74.802399
75.031281
75.328827
75.630188
75.820923
76.061249
76.625824
76.965332
77.289581
77.796936
78.250885
78.918457
79.597473
80.314636
80.83725
81.59256
82.183838
82.977295
83.644867
84.236145
84.93042
85.350037
85.899353
86.368561
86.624146
86.849213
86.982727
86.914063
86.864471
86.772919
86.452484
86.036682
85.521698
84.861755
84.228516
83.35495
82.015991
80.917358
79.734802
78.208923
76.847076
75.382233
74.260712
73.474884
72.780609
71.929932
71.243286
70.81604
70.262909
69.671631
69.37027
68.893433
68.511963
68.019867
67.871094
67.745209
67.272186
66.982269
66.650391
66.612244
66.207886
65.746307
65.628052
65.189362
64.990997
64.32724
63.884735
63.423157
62.950134
62.522888
62.065125
61.496735
61.088562
60.523987
60.096741
59.719086
59.490204
59.131622
58.784485
58.578491
58.170319
58.101654
57.971954
57.792664
57.765961
57.876587
57.65152
57.70874
57.579041
57.479858
57.64389
57.514191
57.483673
57.384491
57.342529
57.231903
57.266235
57.151794
57.056427
56.892395
56.70929
56.564331
56.434631
56.411743
56.274414
56.095123
55.835724
55.698395
55.698395
55.603027
55.511475
55.435181
55.271149
55.152893
55.023193
54.962158
54.706573
54.824829
54.74472
54.393768
54.328918
54.210663
53.962708
54.084778
53.871155
53.81012
53.546906
53.333282
53.161621
53.077698
52.928925
52.848816
52.700043
52.642822
52.330017
52.410126
52.29187
52.200317
52.078247
51.956177
51.673889
51.681519
51.47934
51.34201
51.071167
50.758362
50.746918
50.598145
50.33493
50.209045
50.209045
50.08316
50.018311
49.90387
49.976349
49.781799
49.541473
49.526215
49.663544
49.888611
50.487518
50.9758
52.051544
53.218842
54.843903
56.224823
57.914734
59.753418
61.042786
62.721252
63.987732
65.26947
66.6008
67.539215
68.283081
68.943024
69.602966
70.053101
70.25528
70.755005
70.976257
71.235657
71.521759
71.712494
71.941376
71.975708
72.162628
72.498322
72.860718
73.307037
73.680878
74.256897
74.691772
75.03891
75.489044
76.068878
76.423645
76.976776
77.571869
77.835083
78.468323
78.975677
79.238892
79.242706
79.650879
79.723358
79.826355
79.856873
79.544067
79.265594
78.800201
78.102112
77.468872
76.374054
75.508118
74.172974
73.062897
71.876526
70.850372
70.106506
69.42749
68.752289
68.557739
68.244934
67.783356
67.581177
67.176819
67.070007
66.913605
66.6008
66.303253
65.917969
65.71579
65.460205
65.143585
64.899445
64.548492
64.308167
63.716888
63.465118
63.026428
62.492371
62.004089
61.561584
60.974121
60.55069
59.913635
59.295654
58.90274
58.395386
57.83844
57.426453
57.216644
56.625366
56.45752
56.121826
55.755615
55.599213
55.416107
55.44281
55.339813
55.233002
55.118561
55.091858
54.973602
54.99649
54.840088
54.714203
54.855347
54.767609
54.683685
54.618835
54.523468
54.512024
54.428101
54.412842
54.359436
54.141998
54.176331
54.111481
53.936005
53.771973
53.836823
53.710938
53.524017
53.356171
53.321838
53.161621
52.944183
53.050995
52.856445
52.814484
52.520752
52.516937
52.459717
52.448273
52.345276
52.265167
52.097321
51.967621
52.059174
51.799774
51.799774
51.891327
51.563263
51.544189
51.418304
51.189423
51.189423
51.197052
51.105499
50.8461
50.884247
50.804138
50.792694
50.678253
50.411224
50.251007
50.151825
50.006866
49.873352
49.556732
49.427032
49.324036
49.137115
49.213409
48.946381
48.957825
48.89679
48.881531
48.805237
48.942566
48.976898
48.984528
49.243927
49.892426
50.788879
52.112579
53.623199
55.130005
56.884766
58.631897
60.134888
61.981201
63.411713
64.842224
66.08963
67.081451
68.088531
68.855286
69.36264
69.835663
70.262909
70.533752
70.892334
71.182251
71.151733
71.529388
71.689606
71.922302
72.208405
72.311401
72.761536
73.0896
73.535919
73.848724
74.493408
74.84436
75.557709
76.114655
76.686859
77.152252
77.93045
78.437805
78.914642
79.402924
79.811096
80.242157
80.558777
80.738068
80.898285
81.096649
81.130981
80.787659
80.718994
80.318451
79.841614
79.238892
78.689575
77.533722
76.465607
75.466156
74.150085
73.040009
71.781158
70.732117
69.717407
68.954468
68.534851
68.061829
67.695618
67.253113
66.902161
66.509247
66.15448
65.876007
65.559387
65.319061
65.055847
64.838409
64.540863
64.113617
63.896179
63.667297
63.38501
63.117981
62.69455
62.290192
61.893463
61.462402
61.016083
60.482025
60.024261
59.448242
58.876038
58.513641
58.055878
57.685852
57.373047
56.869507
56.63681
56.297302
55.988312
55.927277
55.580139
55.480957
55.297852
55.19104
55.259705
55.267334
55.171967
55.06897
54.965973
54.965973
54.973602
54.943085
54.893494
54.832458
54.637909
54.660797
54.706573
54.691315
54.462433
54.523468
54.393768
54.267883
54.229736
54.199219
54.000854
53.920746
53.909302
53.836823
53.672791
53.543091
53.562164
53.371429
53.295135
53.279877
53.173065
53.039551
53.028107
52.906036
52.66571
52.745819
52.661896
52.566528
52.379608
52.2995
52.181244
52.143097
52.101135
51.818848
51.834106
51.792145
51.570892
51.651001
51.47171
51.258087
51.34964
51.208496
51.170349
50.971985
51.013947
50.983429
50.704956
50.689697
50.39978
50.228119
50.170898
50.132751
50.045013
50.02594
49.934387
49.934387
49.819946
49.785614
49.705505
49.751282
49.808502
50.117493
50.853729
51.761627
52.684784
54.363251
55.81665
57.609558
59.246063
60.874939
62.580109
64.01062
65.567017
66.707611
67.783356
68.67218
69.442749
70.083618
70.667267
71.109772
71.380615
71.876526
72.067261
72.246552
72.620392
72.605133
72.9599
73.120117
73.638916
74.016571
74.440002
74.85199
75.378418
75.744629
76.438904
76.931
77.487946
78.041077
78.701019
79.204559
79.738617
80.32608
80.627441
81.272125
81.577301
81.9664
82.21817
82.557678
82.511902
82.397461
82.294464
82.180023
81.764221
81.378937
80.806732
80.253601
79.208374
78.304291
77.209473
75.98877
74.829102
73.455811
72.235107
71.18988
70.209503
69.740295
69.351196
68.840027
68.283081
67.970276
67.581177
67.314148
66.989899
66.875458
66.532135
66.223145
66.02478
65.788269
65.555573
65.238953
64.937592
64.624786
64.506531
64.07547
63.613892
63.301086
62.755585
62.271118
61.782837
61.439514
60.958862
60.470581
60.062408
59.528351
59.177399
58.586121
58.34198
58.036804
57.735443
57.323456
57.254791
57.01828
56.919098
56.70929
56.51474
56.377411
56.266785
56.095123
56.1409
56.148529
56.034088
56.030273
55.870056
55.728912
55.828094
55.850983
55.782318
55.679321
55.610657
55.480957
55.38559
55.328369
55.210114
55.198669
55.290222
55.007935
54.821014
54.584503
54.790497
54.664612
54.351807
54.424286
54.214478
54.073334
53.955078
53.905487
53.886414
53.634644
53.585052
53.237915
53.218842
53.222656
52.970886
53.031921
52.848816
52.616119
52.577972
52.383423
52.196503
52.192688
52.082062
51.952362
51.883698
51.677704
51.65863
51.551819
51.525116
51.197052
51.239014
50.930023
50.941467
50.701141
50.693512
50.518036
50.327301
50.098419
49.949646
49.747467
49.640656
49.583435
49.472809
49.434662
49.350739
49.438477
49.362183
49.518585
49.591064
50.159454
50.888062
52.021027
53.581238
55.374146
57.098389
59.043884
61.016083
62.782288
64.559937
66.085815
67.592621
68.878174
69.759369
70.617676
71.155548
71.735382
72.341919
72.727203
72.746277
73.310852
73.337555
73.535919
73.890686
74.104309
74.489594
74.943542
75.271606
75.737
76.244354
76.847076
77.381134
78.098297
78.678131
79.368591
80.364227
81.047058
81.668854
82.344055
82.988739
83.774567
84.365845
84.873199
85.353851
85.895538
86.151123
86.349487
86.502075
86.437225
86.551666
86.38382
86.154938
85.796356
85.334778
84.873199
84.136963
83.385468
82.363129
81.256866
80.013275
78.876495
77.43454
76.194763
74.901581
73.760986
72.669983
72.040558
71.403503
70.865631
70.529938
69.961548
69.606781
69.366455
68.893433
68.595886
68.077087
68.10379
67.768097
67.646027
67.325592
67.260742
66.921234
66.608429
66.421509
66.020966
65.704346
65.380096
65.052032
64.601898
64.07547
63.495636
63.152313
62.69455
62.160492
61.828613
61.302185
60.901642
60.489655
60.23407
59.875488
59.623718
59.455872
59.398651
58.986664
59.082031
58.765411
58.666229
58.719635
58.662415
58.555603
58.452606
58.27713
58.433533
58.269501
58.238983
58.181763
58.185577
58.139801
58.200836
57.983398
57.743073
57.929993
57.853699
57.71637
57.380676
57.39975
57.209015
57.144165
56.941986
56.64444
56.671143
56.556702
56.373596
56.232452
56.079865
56.041718
55.81665
55.770874
55.603027
55.599213
55.492401
55.393219
55.038452
54.965973
54.927826
54.87442
54.656982
54.527283
54.367065
54.164886
54.088593
53.871155
53.74527
53.779602
53.661346
53.409576
53.451538
53.359985
53.05481
52.829742
52.810669
52.627563
52.574158
52.242279
52.204132
51.815033
51.624298
51.609039
51.15509
51.334381
51.063538
50.930023
50.712585
50.78125
50.720215
50.666809
50.735474
50.930023
51.429749
52.387238
53.657532
55.324554
57.048798
59.173584
61.157227
62.950134
64.983368
66.745758
68.561554
70.1828
71.556091
72.311401
73.181152
74.066162
74.451447
74.901581
75.466156
75.656891
76.042175
76.251984
76.412201
76.633453
76.911926
77.144623
77.55661
78.086853
78.548431
78.941345
79.669952
80.307007
80.974579
81.455231
82.309723
83.068848
83.778381
84.388733
85.144043
85.895538
86.643219
87.203979
87.722778
88.39035
88.687897
88.752747
89.271545
89.466095
89.431763
89.39743
89.168549
88.855743
88.401794
87.802887
87.112427
86.559296
85.834503
84.73587
83.515167
82.34024
80.944061
79.555511
77.999115
76.698303
75.317383
74.481964
73.513031
72.956085
72.345734
71.872711
71.258545
70.68634
70.411682
69.923401
69.515228
69.358826
69.187164
69.034576
68.67981
68.557739
68.313599
68.149567
67.939758
67.783356
67.367554
67.028046
66.84494
66.478729
66.062927
65.608978
65.235138
64.743042
64.289093
63.690186
63.163757
62.908173
62.469482
61.962128
61.573029
61.248779
60.749054
60.565948
60.520172
60.317993
60.131073
59.91745
59.875488
59.745789
59.749603
59.53598
59.577942
59.566498
59.417725
59.364319
59.463501
59.34906
59.379578
59.238434
59.303284
59.188843
59.078217
59.116364
58.971405
58.773041
58.811188
58.551788
58.502197
58.208466
58.109283
58.055878
57.89566
57.674408
57.559967
57.460785
57.315826
56.999207
57.025909
56.739807
56.583405
56.503296
56.430817
56.32782
56.110382
55.896759
55.847168
55.633545
55.545807
55.393219
55.095673
55.007935
54.740906
54.676056
54.653168
54.588318
54.279327
54.367065
54.138184
53.955078
53.981781
53.634644
53.55072
53.276062
52.997589
53.035736
52.646637
52.314758
52.036285
51.9104
51.643372
51.395416
51.136017
51.208496
51.303864
50.994873
51.166534
51.09787
51.204681
51.677704
52.22702
53.260803
54.824829
56.781769
58.681488
60.649872
62.458038
64.231873
66.070557
67.737579
69.290161
70.552826
71.903229
72.822571
73.501587
74.111938
74.752808
75.119019
75.565338
75.733185
76.084137
76.385498
76.446533
76.648712
76.969147
77.312469
77.602386
77.987671
78.525543
78.845978
79.395294
80.024719
80.528259
81.272125
82.057953
82.740784
83.438873
84.289551
84.854126
85.464478
86.368561
86.826324
87.078094
87.718964
87.970734
88.199615
88.306427
88.497162
88.298798
88.01651
87.795258
87.2612
86.891174
86.231232
85.559845
84.54895
83.446503
82.244873
80.970764
79.5784
78.18222
76.816559
75.649261
74.436188
73.459625
72.593689
71.907043
71.239471
70.716858
70.316315
69.843292
69.400787
68.912506
68.553925
68.393707
68.096161
68.000793
67.657471
67.375183
67.207336
66.955566
66.486359
66.356659
65.998077
65.593719
65.2771
64.964294
64.472198
64.037323
63.652039
63.034058
62.583923
62.107086
61.824799
61.252594
60.752869
60.489655
59.921265
59.383392
59.425354
59.101105
58.994293
58.685303
58.460236
58.437347
58.479309
58.261871
58.132172
58.139801
58.15506
58.139801
58.143616
57.979584
57.956696
57.849884
57.926178
57.762146
57.800293
57.594299
57.704926
57.380676
57.125092
56.968689
56.983948
56.781769
56.770325
56.518555
56.480408
56.236267
56.274414
55.988312
55.915833
55.767059
55.667877
55.63736
55.580139
55.37796
55.416107
55.164337
54.870605
54.721832
54.668427
54.439545
54.290771
54.12674
53.882599
53.840637
53.581238
53.611755
53.379059
53.260803
53.150177
52.997589
52.898407
52.837372
52.558899
52.474976
52.22702
52.288055
52.181244
51.872253
51.719666
51.685333
51.28479
50.983429
50.868988
50.682068
50.617218
50.571442
50.430298
50.376892
50.369263
50.003052
50.197601
49.972534
50.235748
50.323486
50.785065
51.521301
52.715302
53.80249
55.343628
56.907654
58.555603
60.283661
61.752319
63.457489
64.914703
66.230774
67.481995
68.695068
69.480896
69.93103
70.533752
71.063995
71.434021
71.613312
72.177887
72.33429
72.51358
72.818756
72.822571
72.978973
73.253632
73.65036
73.936462
74.291229
74.848175
75.370789
75.817108
76.267242
76.808929
77.320099
77.846527
78.456879
78.887939
79.414368
79.998016
80.356598
80.673218
81.104279
81.420898
81.47049
81.516266
81.535339
81.15387
81.008911
80.558777
79.982758
79.296112
78.449249
77.461243
76.351166
75.180054
73.96698
72.841644
71.735382
71.06781
70.50705
69.969177
69.511414
69.057465
68.775177
68.557739
68.054199
67.840576
67.329407
67.241669
66.898346
66.581726
66.165924
66.043854
65.742493
65.441132
65.08255
64.689636
64.292908
63.766479
63.354492
62.862396
62.301636
61.969757
61.504364
60.85968
60.42099
59.864044
59.47113
58.876038
58.410645
57.956696
57.697296
57.292938
56.983948
56.728363
56.476593
56.339264
56.266785
56.053162
56.049347
55.995941
55.953979
55.919647
55.957794
55.873871
55.721283
55.755615
55.534363
55.515289
55.431366
55.427551
55.267334
55.332184
55.271149
55.122375
55.023193
55.007935
54.93927
54.710388
54.637909
54.489136
54.424286
54.412842
54.309845
54.016113
53.955078
53.752899
53.627014
53.665161
53.55072
53.565979
53.401947
53.268433
53.256989
53.192139
52.886963
52.993774
52.764893
52.661896
52.555084
52.410126
52.261353
52.230835
52.310944
51.948547
52.0401
51.906586
51.837921
51.677704
51.559448
51.670074
51.22757
51.189423
51.197052
51.03302
50.872803
50.693512
50.510406
50.319672
50.300598
50.010681
49.983978
49.755096
49.701691
49.591064
49.495697
49.503326
49.537659
49.320221
49.442291
49.453735
49.552917
50.170898
50.956726
51.91803
53.470612
54.962158
56.568146
58.254242
59.825897
61.653137
63.095093
64.617157
65.944672
67.058563
67.993164
68.893433
69.477081
69.988251
70.49942
70.983887
71.220398
71.590424
71.842194
71.987152
72.132111
72.26944
72.689056
72.803497
73.097229
73.413849
73.833466
74.287415
74.516296
75.130463
75.805664
76.282501
76.950073
77.415466
77.880859
78.510284
79.154968
79.555511
80.104828
80.467224
80.776215
81.016541
81.157684
81.46286
81.348419
81.184387
81.077576
80.692291
80.207825
79.555511
78.910828
77.865601
76.686859
75.641632
74.550629
73.181152
72.238922
71.041107
70.274353
69.606781
69.202423
68.973541
68.569183
68.054199
67.836761
67.359924
67.03949
66.772461
66.513062
66.223145
65.948486
65.628052
65.26947
65.013885
64.83078
64.529419
64.060211
63.793182
63.362122
63.026428
62.43515
61.943054
61.519623
60.920715
60.413361
59.871674
59.379578
58.956146
58.673859
58.063507
57.518005
57.369232
57.186127
56.606293
56.518555
56.121826
56.1409
56.007385
55.82428
55.782318
55.656433
55.614471
55.580139
55.362701
55.408478
55.263519
55.233002
55.099487
55.027008
55.049896
54.855347
55.095673
54.958344
54.973602
54.870605
54.767609
54.641724
54.523468
54.485321
54.260254
54.138184
53.909302
53.844452
53.756714
53.771973
53.539276
53.455353
53.367615
53.146362
52.894592
53.020477
52.757263
52.833557
52.696228
52.597046
52.589417
52.490234
52.364349
52.165985
52.10495
52.165985
51.891327
51.876068
51.845551
51.635742
51.490784
51.513672
51.277161
51.242828
50.991058
50.769806
50.971985
50.712585
50.830841
50.506592
50.258636
50.224304
49.995422
49.850464
49.552917
49.533844
49.472809
49.312592
49.320221
49.098969
49.160004
48.992157
48.816681
48.835754
48.75946
49.087524
49.320221
50.056458
51.139832
52.383423
53.718567
55.362701
56.957245
58.727264
60.417175
62.038422
63.549042
64.781189
66.03241
66.902161
67.920685
68.370819
68.946838
69.568634
69.42929099999999
69.990051
70.882689
71.04290699999999
71.718108
72.25598099999999
72.278871
72.839631
73.274505
72.954072
73.354614
73.663605
73.720824
74.327361
73.92681900000001
74.12136900000002
73.68649200000002
74.43036
73.64071799999999
73.812378
73.26306300000002
73.400391
72.965514
72.31320300000002
71.660889
70.28759699999999
69.417846
67.65545700000001
66.56826899999999
66.030396
66.09906000000001
67.094697
68.273439
70.24181999999999
70.73391600000001
71.226012
71.054352
71.40912
70.939911
71.02002000000002
70.894134
70.882689
70.859802
70.505034
70.539369
70.24181999999999
70.836915
71.763885
72.233094
71.74099799999999
71.70666600000001
71.30612099999999
71.23745699999999
70.505034
70.539369
70.218933
69.852723
69.46362300000001
69.32629499999999
69.36062700000001
68.845641
68.98297199999999
68.685426
68.799867
68.845641
68.7312
69.040191
68.45654400000001
68.62820399999998
68.010222
67.872894
67.40368800000002
67.39224300000001
67.33502099999998
66.522492
66.65982
66.87725700000001
66.076173
65.915955
65.89306499999999
65.435304
65.606964
65.194977
64.95465
64.508331
64.256562
64.23367199999998
63.730134
63.856017
63.44403
62.96337900000001
62.848938000000004
62.288178
61.876191
61.80752699999999
61.681641
61.040772000000004
60.972108
60.365570999999996
59.873475
59.827698
59.71325699999999
59.381379
59.083833000000006
59.15249699999999
58.179750000000006
57.79065000000001
57.721986
57.332886
57.19555799999999
57.081117000000006
56.428803
55.971039
55.753601999999994
55.410278999999996
55.70782499999999
55.227174000000005
54.723633
53.97976800000001
53.44189500000001
53.45334
52.823913
52.73236200000001
51.91983
51.839721000000004
50.866974
50.83264200000001
50.500764
50.48931900000001
50.44354200000001
50.157441
49.92855900000001
49.573791
48.784149000000006
48.452270999999996
48.31493999999999
48.38360699999999
49.013031
50.203218
50.63809200000001
52.25170800000001
53.693664000000005
54.975401999999995
56.95523099999999
58.76339699999999
59.896362
60.182466000000005
61.189545
61.30398600000001
62.01351900000001
61.441314
61.418426999999994
61.246764
61.796082000000006
62.288178
62.688719999999996
62.688719999999996
63.512694
64.40533500000001
63.97045800000001
64.679994
65.080536
65.24075400000001
65.37808199999999
65.73285
65.58407700000001
66.144837
66.47671499999998
66.900147
67.17480599999999
67.76989799999998
68.02166700000001
68.124663
68.7312
69.394959
69.63528300000002
70.024383
70.31048700000001
70.402038
70.974243
71.72955300000001
72.47341800000001
72.873963
72.610749
73.503387
73.903932
74.155701
74.46469200000001
74.453247
74.705016
74.49902399999999
75.471771
75.83798100000001
75.769317
75.95242199999998
75.72354
75.83798100000001
75.58621200000002
75.70065299999999
75.712098
75.654876
75.471771
74.63635200000002
74.178588
73.82382299999999
72.358977
71.21457000000001
70.047273
68.60531700000001
67.277802
67.666902
67.82711700000002
70.035828
71.02002000000002
71.695221
72.301758
72.56497200000001
72.496308
72.061431
71.832549
72.152985
72.759522
72.301758
72.461976
72.553527
72.107208
72.81674100000001
72.7023
72.72519
72.67941299999998
73.41183600000001
73.02273600000001
72.65652600000001
72.553527
71.763885
71.75243999999999
71.00857500000001
71.248902
70.72247399999999
70.470702
70.344819
70.814025
70.28759699999999
70.424928
70.001496
70.047273
70.26471000000001
70.035828
70.047273
69.520845
69.42929099999999
69.085968
68.136108
68.616759
68.36499
67.953003
67.930116
67.472352
67.094697
67.037475
66.72848400000001
66.751374
66.22494599999999
65.938842
65.75573700000001
64.87454100000001
64.508331
64.78299
64.41677999999999
63.83313
63.878907
63.52413899999999
63.421142999999994
63.123597
63.146484
62.86038299999999
62.780274
62.91760200000001
61.67019599999999
62.002074
61.899078
61.246764
60.583008
60.54867600000001
59.736143999999996
59.91924900000001
59.66747999999999
58.637510999999996
58.385742
58.37429699999999
57.733427999999996
58.09964099999999
57.10400400000001
57.47021399999999
56.88656700000001
56.86367700000001
55.91381700000001
55.993926
55.673493
55.936707000000006
55.19284199999999
54.90673799999999
54.44897400000001
53.76232799999999
53.25879
53.029908000000006
52.606475999999994
52.629363
52.14871200000001
51.93127500000001
51.95416199999999
51.748169999999995
51.519288
50.798309999999994
50.77542
50.87841900000001
50.157441
51.33618299999999
51.54217500000001
52.228821
53.018463
54.654968999999994
56.234253
57.61898699999999
58.91217000000001
60.136689000000004
61.62441900000001
62.10507299999999
62.27673299999999
63.215148000000006
62.929047
63.878907
63.409698000000006
63.62713500000001
63.95901599999999
64.00479
64.22223
64.851654
65.252196
65.652741
66.751374
66.430938
66.556824
67.094697
67.037475
67.815675
67.56390300000001
67.884339
67.91867100000002
68.834199
68.76553200000001
68.55954
69.40640400000001
69.612396
69.887055
70.951356
71.157348
71.39767499999999
71.603667
72.25598099999999
72.7023
73.02273600000001
73.354614
73.97259600000001
73.92681900000001
74.57913299999998
74.71646100000001
75.24288899999999
75.94098
76.13552999999999
75.883758
76.59329100000001
76.53607199999999
76.421631
76.570404
76.63906800000001
77.268495
76.661958
76.845063
76.284303
75.906648
75.52899299999999
75.300111
74.533356
73.709382
72.278871
70.43636999999998
69.29196300000001
68.62820399999998
69.177522
69.784059
71.62655699999999
73.148622
73.65216
73.961151
74.190033
73.938264
73.606383
73.48049999999999
73.182954
72.82818600000002
73.06851300000001
72.885405
72.965514
73.125732
73.102845
73.38894599999999
73.743714
74.018373
74.132814
74.258697
73.80093299999999
73.48049999999999
72.805299
72.233094
72.04998900000001
71.340453
71.512116
71.75243999999999
71.329011
70.87124699999998
70.939911
70.848357
70.367706
70.470702
70.69958399999999
70.218933
69.87561000000001
69.48651000000001
69.58950899999999
69.66961799999999
68.63964899999999
68.811309
68.216217
68.227662
67.67834400000001
67.460907
67.232025
67.151916
66.934479
66.842925
66.36227400000001
66.39660599999999
65.595519
65.81295899999999
65.320863
65.297973
64.66854899999998
64.38244499999999
64.02768
64.084899
63.61569299999999
63.61569299999999
62.848938000000004
62.86038299999999
62.482728
61.921968
62.127959999999995
61.86474599999999
61.62441900000001
60.983549999999994
60.434235
60.30834900000001
59.827698
59.40426600000001
58.900725
58.85495099999999
58.66040099999999
58.214082
58.191192
57.76776000000001
57.64187700000001
57.34433099999999
57.035340000000005
56.634795
56.337249
56.463134999999994
56.131257000000005
55.284393
55.20428400000001
55.00973400000001
53.933991000000006
53.51055899999999
53.304564000000006
52.331817
52.28604
52.011384
51.85116599999999
51.89694299999999
51.99993899999999
51.622284
52.217375999999994
51.73672500000001
51.690948000000006
51.599396999999996
52.25170800000001
53.213013
55.066956
56.795013000000004
58.774842
60.891999000000006
63.18081599999999
64.57699499999998
65.52685499999998
65.835846
66.316497
66.545379
66.21350100000001
66.121947
65.687073
65.41241400000001
66.053283
66.053283
66.68271
67.323579
68.11322100000001
68.708313
69.06308099999998
69.520845
69.864165
69.74972399999999
69.97860600000001
70.047273
70.33337399999999
70.424928
70.63092
71.00857500000001
71.62655699999999
72.416199
72.48486299999999
72.81674100000001
73.34316900000002
73.48049999999999
74.567688
74.567688
75.425994
75.803649
76.227081
76.719177
77.56604100000001
77.268495
78.321351
78.51590100000001
79.454316
79.099548
79.305543
79.80908099999999
80.17529400000001
80.381286
80.907714
80.884827
80.655945
80.987823
81.14804099999999
81.14804099999999
80.896272
81.39981
81.376923
81.49136399999999
81.46847399999999
80.907714
81.29681399999998
80.32406700000001
80.44995
79.75186199999999
78.950775
78.19546499999998
76.99383599999999
76.375854
74.72790599999999
73.43472299999999
73.228728
73.743714
74.544801
75.92953500000002
76.82217299999999
77.33715899999999
77.22271800000001
77.44015499999999
76.82217299999999
77.13116400000001
76.99383599999999
76.78784100000001
76.51318500000001
76.24996800000001
76.364409
76.87939500000002
76.53607199999999
76.913727
77.05105499999999
76.375854
76.833618
76.742064
76.433076
75.91809
75.49465800000002
75.174225
75.311553
75.09411599999999
74.99112
74.62490700000001
74.60202
74.83090200000001
74.304474
74.350251
74.533356
74.167146
74.23580999999999
74.224365
74.14425599999998
74.02981500000001
74.23580999999999
73.503387
72.90829500000001
73.182954
73.217286
72.931182
72.42764399999999
72.22164900000001
71.420562
71.603667
70.917024
70.76825099999999
70.63092
70.081605
69.68106
69.543732
69.475068
69.784059
68.89141799999999
68.330658
68.19333
67.91867100000002
67.20913800000001
67.071807
66.73992899999999
66.579711
65.90451
65.35519500000001
65.53829999999999
65.35519500000001
64.702881
64.01623500000001
64.130676
63.581361
63.100707
62.940492000000006
62.08218299999999
62.16229200000001
61.921968
61.223876999999995
61.10943600000001
60.926331
60.846222000000004
60.171020999999996
60.022248
59.587371
59.20971600000001
58.85495099999999
57.996642
57.75631799999999
57.676209
57.12689099999999
56.44024799999999
55.63916100000001
55.27294799999999
55.227174000000005
54.36886499999999
54.128541000000006
53.99121
54.334533
54.311645999999996
54.25442400000001
53.773773
53.43045
52.606475999999994
52.49203500000001
52.698029999999996
53.07568500000001
54.311645999999996
56.211366
58.03097399999999
59.47292999999999
61.49853600000001
62.734497
64.508331
65.88162299999999
66.945924
66.934479
66.511047
66.91159199999998
66.72848400000001
66.442383
66.79715100000001
66.73992899999999
66.79715100000001
67.42657499999999
68.02166700000001
68.94864000000001
69.38351399999999
69.68106
70.15026900000001
70.196046
70.367706
70.58514300000002
70.619475
70.974243
71.04290699999999
71.432007
71.695221
72.267426
72.439086
72.885405
73.297395
73.89248699999999
74.270142
74.682129
75.05978400000001
75.49465800000002
76.375854
76.38729899999998
76.47885
77.07394500000001
77.371491
77.90936400000001
78.321351
78.996552
79.419984
79.534425
79.992189
79.854858
80.47284
80.44995
80.804718
80.57583600000001
80.48428200000001
80.73605400000001
80.58728099999999
80.69027700000001
80.91915900000001
80.87338199999999
80.427063
79.763307
80.392731
79.66030799999999
79.12243800000002
78.069579
77.085387
75.70065299999999
74.37313800000001
72.94262699999999
72.09576299999999
72.210204
72.99984599999999
74.178588
75.540435
76.16986200000001
76.13552999999999
76.490295
76.742064
76.73062199999998
76.970946
76.6734
76.99383599999999
76.364409
76.799286
76.204194
76.227081
75.883758
76.227081
76.63906800000001
76.6734
75.92953500000002
76.158417
75.906648
75.43743899999998
75.425994
75.620544
74.933898
74.865234
74.62490700000001
74.190033
73.62927299999998
74.075592
73.04562299999999
73.43472299999999
73.49194200000001
73.354614
73.308837
73.137177
72.91973999999999
72.553527
72.233094
72.16443000000001
72.107208
71.63799900000001
70.905579
70.939911
71.065797
70.905579
69.93283199999999
70.09304699999998
69.82983300000001
69.37206900000001
69.21185400000002
69.01730400000001
68.28488099999998
68.387877
67.735566
67.55246100000001
67.25491199999999
66.408051
66.579711
66.591156
66.053283
65.79006899999999
65.263641
65.034759
64.78299
64.542663
63.71868899999999
63.295257
62.72305200000001
62.55139200000001
62.631501
62.002074
61.34976300000001
61.21243200000001
60.823335
61.143768
60.434235
59.896362
59.896362
59.25549300000001
58.80917399999999
58.282746
58.626069
57.721986
57.378663
56.73779400000001
56.360139
56.25714000000001
55.696380000000005
55.49038800000001
55.00973400000001
54.56341499999999
53.888214000000005
53.14434899999999
53.304564000000006
52.915467
52.81246800000001
52.49203500000001
52.400481000000006
51.95416199999999
51.39340200000001
51.084411
50.23754999999999
50.04299999999999
50.615205
50.58087299999999
50.53509600000001
51.748169999999995
52.137267
53.43045
54.86096100000001
56.211366
57.927977999999996
59.04950099999999
60.239685
60.66311699999999
61.54431300000001
62.345397
62.242401
62.62005599999999
63.398253
63.043488
63.18081599999999
63.35247900000001
64.21078500000002
64.32522599999999
64.97754
64.943208
65.481078
65.82440100000001
66.30505500000001
66.09906000000001
66.442383
66.980256
67.56390300000001
67.39224300000001
68.055999
67.97589
68.36499
68.60531700000001
69.097413
69.349182
69.72683700000002
70.207488
69.955719
70.985688
71.924103
71.40912
72.22164900000001
72.782409
73.148622
73.88104200000001
73.54916399999999
74.155701
75.048339
74.945343
75.025452
75.563325
75.620544
75.73498500000001
75.70065299999999
75.75787500000001
76.12408500000001
76.02108900000002
76.089753
76.433076
76.12408500000001
76.490295
75.63198899999999
75.208557
74.80801500000001
73.217286
72.42764399999999
70.608033
69.01730400000001
67.449462
67.60968
67.78134299999999
69.303405
70.642365
71.889771
72.73663200000001
72.439086
72.77096699999998
72.862518
72.50774999999999
72.496308
72.58785900000001
72.519195
72.404754
72.553527
72.931182
72.56497200000001
73.057068
72.610749
73.65216
73.331727
72.988404
72.278871
72.59930399999999
72.14153999999999
71.36334300000001
70.711029
71.16879300000001
70.688142
70.493592
70.33337399999999
69.80694600000001
70.207488
69.955719
69.58950899999999
69.303405
69.040191
68.799867
68.77697700000002
68.51376300000001
68.216217
67.94155799999999
67.91867100000002
67.08325199999999
67.380798
66.762816
66.419496
66.167724
65.82440100000001
65.51541
65.50396800000001
64.57699499999998
65.10342299999999
64.42822199999999
64.40533500000001
64.47399899999999
63.844575000000006
63.386811
63.05493299999999
62.803161
62.35684200000001
61.933409999999995
61.876191
61.189545
61.189545
61.269653999999996
60.85766699999999
59.987916000000006
59.873475
59.038056000000005
59.415710999999995
58.69473300000001
58.236969
58.648956000000005
57.996642
57.550323000000006
57.12689099999999
56.76068099999999
56.600463000000005
56.24569799999999
55.90237499999999
55.845153
55.27294799999999
54.94107
54.746520000000004
54.39175500000001
53.876768999999996
53.682218999999996
53.44189500000001
53.029908000000006
52.915467
52.606475999999994
51.99993899999999
51.48495599999999
51.324738
50.85552899999999
50.39776500000001
49.97433600000001
49.596681
49.41357299999999
49.75689599999999
49.596681
49.035918
48.94436699999999
47.891510999999994
47.822843999999996
47.77707000000001
47.742737999999996
48.39504900000001
48.70403999999999
49.63101300000001
51.130188000000004
51.816834
53.773773
55.581939
57.241332
58.35141000000001
59.656035
60.30834900000001
60.81188999999999
60.91488600000001
60.777558
61.097991
61.097991
60.76611299999999
61.45275900000001
62.27673299999999
61.853301
62.848938000000004
63.169374
63.47836199999999
63.856017
64.06201200000001
64.79443500000001
64.84020899999999
64.657104
65.389527
65.629851
65.400969
65.973174
65.89306499999999
66.602601
66.62548799999999
67.18624799999999
67.65545700000001
67.586793
67.90722600000001
68.37643499999999
69.040191
69.452178
69.658173
70.035828
70.882689
71.10012900000001
71.912658
72.610749
72.542085
73.057068
73.160064
73.42327800000001
73.743714
74.361693
74.109924
74.57913299999998
74.60202
75.082671
74.84234699999999
75.15133800000001
74.85378899999999
74.567688
74.79657
74.44180200000001
74.018373
74.155701
73.43472299999999
72.370422
71.39767499999999
70.573701
69.06308099999998
67.90722600000001
67.266357
66.64837499999999
68.010222
69.646728
71.00857500000001
72.267426
72.67941299999998
72.370422
71.912658
71.44345200000001
71.329011
71.512116
71.981322
71.901216
71.64944399999999
72.233094
71.64944399999999
72.233094
72.73663200000001
72.07287600000001
72.56497200000001
72.39331200000001
72.33608999999998
72.187317
71.30612099999999
71.523561
70.99713
70.848357
70.562256
70.424928
69.990051
70.15026900000001
69.532287
69.909942
69.532287
69.72683700000002
69.692505
70.058715
68.99441399999999
69.23474099999999
69.085968
68.845641
68.593872
68.902863
68.410767
67.895781
67.33502099999998
67.25491199999999
67.33502099999998
66.96881100000002
66.47671499999998
65.67562800000002
65.70996
65.9274
65.53829999999999
65.435304
64.828767
64.72576800000002
64.57699499999998
64.187898
64.19934
63.86746200000001
63.50125200000001
62.79171900000001
62.837492999999995
62.288178
62.322509999999994
61.899078
61.441314
61.269653999999996
60.502899000000006
60.777558
60.05657999999999
59.781921
59.701812000000004
59.06094300000001
58.85495099999999
58.454406000000006
58.076750999999994
57.378663
57.607544999999995
56.989563000000004
56.829344999999996
56.39447100000001
56.30291700000001
55.971039
55.364501999999995
55.00973400000001
55.124174999999994
54.66641099999999
54.00265499999999
53.968323
53.865327
53.132904
52.617921
52.09149299999999
52.14871200000001
51.256074
51.061524
51.00430200000001
50.889861
50.409209999999995
50.569428
50.214659999999995
49.92855900000001
48.978699000000006
48.887145000000004
49.09313999999999
49.768341
50.203218
51.48495599999999
52.38903899999999
54.10565100000001
55.879484999999995
57.05822700000001
58.42007399999999
59.873475
60.72033600000001
61.62441900000001
61.899078
62.539947
62.29962299999999
62.219514
62.288178
62.837492999999995
62.505615000000006
63.409698000000006
64.084899
64.084899
64.691436
65.52685499999998
65.263641
65.9274
66.316497
65.996064
66.56826899999999
66.865815
67.04892000000001
67.59823499999999
67.277802
67.495239
68.445099
69.14318699999998
69.223296
69.37206900000001
69.58950899999999
70.917024
71.04290699999999
71.260344
71.82110699999998
72.09576299999999
72.381867
72.97695900000001
73.38894599999999
73.80093299999999
73.583496
74.46469200000001
74.78512500000001
74.888124
75.52899299999999
75.654876
76.032531
76.29574499999998
76.375854
77.02816800000001
76.341522
76.44451800000002
76.53607199999999
76.364409
76.799286
76.86795000000001
76.44451800000002
76.776399
75.68920800000001
75.300111
74.96823
73.53771900000001
72.667968
70.745361
69.57806399999998
68.216217
68.078889
68.902863
70.138824
71.68377600000001
72.885405
73.377501
73.377501
72.97695900000001
73.04562299999999
72.988404
73.06851300000001
73.25161800000001
73.320282
72.85107299999999
72.72519
72.82818600000002
73.04562299999999
73.54916399999999
73.68649200000002
73.43472299999999
73.583496
74.006928
73.77804600000002
73.148622
72.839631
72.267426
72.713745
71.58077999999999
71.30612099999999
70.985688
71.569335
71.40912
71.23745699999999
70.882689
71.203125
70.974243
70.859802
70.642365
70.15026900000001
70.035828
70.230378
69.63528300000002
69.23474099999999
68.60531700000001
68.77697700000002
67.930116
68.250549
67.55246100000001
67.495239
66.73992899999999
66.73992899999999
66.85437
66.419496
66.247833
65.82440100000001
65.75573700000001
64.7601
65.286531
64.45111200000001
64.29089400000001
63.62713500000001
63.81024299999999
63.753021000000004
63.169374
62.86038299999999
62.71160999999999
62.517059999999994
62.185182000000005
61.658751
62.25384600000001
61.25820900000001
61.01788200000001
60.480012
60.239685
59.56448399999999
59.724702
58.992279
58.95794699999999
58.465850999999994
58.271300999999994
58.20263700000001
57.68765400000001
57.412994999999995
57.035340000000005
57.046782
56.531799
55.90237499999999
55.76504400000001
55.570497
55.307280000000006
55.27294799999999
54.49475100000001
54.24298199999999
53.78521800000001
52.926908999999995
52.09149299999999
52.160157
51.942719999999994
52.05715800000001
51.58795200000001
51.622284
50.94708299999999
50.214659999999995
50.454986999999996
49.82556300000001
49.43646300000001
49.550903999999996
49.791228000000004
49.894226999999994
50.466432000000005
51.278961
53.04135
54.15142800000001
55.27294799999999
57.367217999999994
58.52306999999999
59.95358399999999
60.983549999999994
61.796082000000006
62.585724
62.86038299999999
62.757384
63.192261
62.74594200000001
63.54702900000001
63.993348000000005
63.97045800000001
63.62713500000001
64.565553
65.023314
65.27508599999999
65.973174
66.65982
67.16336100000001
66.68271
67.55246100000001
67.55246100000001
67.55246100000001
68.03311199999999
67.872894
68.078889
68.937195
69.097413
69.280518
69.31485
69.784059
70.196046
70.905579
71.21457000000001
71.27178900000001
71.77533
72.324645
72.56497200000001
72.782409
73.320282
73.80093299999999
73.938264
74.63635200000002
74.62490700000001
75.311553
75.72354
76.02108900000002
76.341522
76.330077
76.53607199999999
76.078308
76.30718999999999
76.52462700000001
76.753509
76.845063
76.364409
75.79220699999999
74.693574
74.49902399999999
73.160064
72.07287600000001
70.63092
69.40640400000001
68.227662
68.422212
69.01730400000001
69.82983300000001
71.74099799999999
72.873963
73.572051
73.67505
73.560609
73.663605
73.366059
73.011291
73.41183600000001
73.125732
72.7023
73.137177
73.102845
73.297395
73.560609
73.76660100000001
73.67505
73.606383
73.45760999999999
73.45760999999999
72.85107299999999
72.58785900000001
72.278871
72.061431
71.489226
71.226012
71.226012
70.73391600000001
70.905579
71.36334300000001
70.482147
70.642365
70.66525200000001
70.35626099999999
70.138824
69.82983300000001
69.646728
69.49795499999999
69.06308099999998
69.417846
68.834199
68.399322
68.101776
67.701234
67.20913800000001
66.96881100000002
66.865815
66.73992899999999
66.888702
66.46527
66.11050500000002
66.053283
65.73285
65.24075400000001
65.52685499999998
65.10342299999999
64.72576800000002
64.142121
63.97045800000001
63.844575000000006
63.318146999999996
63.30670200000001
63.02059800000001
62.585724
62.62005599999999
62.08218299999999
62.05929600000001
61.384095
61.315431
60.76611299999999
60.52578599999999
60.22823999999999
59.49582000000001
59.335602
59.56448399999999
58.191192
58.088196
58.282746
57.927977999999996
57.435882
57.25277700000001
57.172667999999994
56.360139
55.822266
56.37158099999999
55.993926
55.410278999999996
54.71218799999999
55.20428400000001
54.58630500000001
53.79666
53.407562999999996
53.39611800000001
52.595031000000006
51.73672500000001
51.519288
51.576507
51.816834
51.885498000000005
51.645171000000005
51.54217500000001
51.09585599999999
50.90130599999999
51.702392999999994
52.080048000000005
53.018463
54.746520000000004
57.01245000000001
58.465850999999994
60.903441
62.951934
63.86746200000001
64.645659
65.996064
66.167724
65.79006899999999
65.595519
65.320863
65.835846
65.30941800000001
65.320863
66.167724
66.61404300000001
67.18624799999999
67.895781
68.307771
68.960082
69.108855
69.15463199999999
69.63528300000002
69.085968
69.58950899999999
69.68106
70.18460099999999
70.253265
70.15026900000001
71.16879300000001
71.843994
71.763885
72.519195
73.182954
74.132814
74.155701
74.40746999999999
75.00256199999998
75.403107
75.803649
76.63906800000001
76.398744
76.61618100000001
77.291382
77.94369599999999
78.08102400000001
78.85922099999999
79.648866
79.50009299999999
79.774749
80.19818099999999
79.877748
80.24395799999999
81.21670499999999
81.159486
80.95349099999999
80.86193699999998
81.01071300000001
80.976378
80.91915900000001
80.47284
79.820526
80.61016799999999
80.507172
79.992189
79.50009299999999
79.33987499999999
78.20691
77.360046
76.467408
75.425994
74.132814
72.94262699999999
72.39331200000001
73.320282
74.670684
75.620544
76.52462700000001
77.314269
77.61181499999999
77.520264
77.0625
77.24560499999998
76.799286
76.53607199999999
76.27285800000001
76.53607199999999
76.753509
76.30718999999999
76.341522
77.07394500000001
76.753509
76.55895899999999
76.604736
76.421631
75.78076200000001
75.91809
75.79220699999999
75.174225
74.945343
74.304474
74.453247
74.43036
74.12136900000002
74.06414699999999
73.984038
74.544801
73.92681900000001
74.659242
74.155701
74.21292
74.087037
73.68649200000002
73.82382299999999
74.018373
73.125732
73.0914
72.73663200000001
73.057068
72.73663200000001
72.233094
71.72955300000001
71.77533
71.065797
71.123016
71.077239
70.72247399999999
69.77261399999999
69.89850000000001
69.55517700000001
68.902863
68.696868
68.158998
67.52957099999999
67.586793
67.25491199999999
66.923034
66.56826899999999
66.36227400000001
65.82440100000001
65.51541
65.217864
64.80587700000001
64.53121800000001
64.599885
63.421142999999994
63.32958899999999
63.146484
62.35684200000001
62.219514
61.590087
61.01788200000001
61.32687299999999
60.59445300000001
60.59445300000001
59.884916999999994
59.75903399999999
59.804810999999994
59.66747999999999
58.889283000000006
58.71761999999999
58.191192
57.607544999999995
57.367217999999994
57.355773000000006
56.15414400000001
55.61627099999999
55.33017
55.13562
54.30020100000001
54.39175500000001
54.43753199999999
54.071318999999995
53.670777
54.36886499999999
54.24298199999999
52.94979899999999
52.80102599999999
52.66369499999999
52.629363
53.63644500000001
54.75796499999999
56.66912700000001
58.54596000000001
60.068025
62.16229200000001
63.61569299999999
64.657104
65.973174
66.522492
67.24347
66.77426100000001
66.48816
66.87725700000001
66.65982
66.82003799999998
66.72848400000001
66.87725700000001
67.666902
68.227662
69.14318699999998
69.417846
69.520845
70.09304699999998
70.550811
70.951356
70.608033
70.99713
70.848357
71.512116
71.58077999999999
72.25598099999999
72.954072
72.805299
73.89248699999999
73.732269
75.048339
74.79657
75.254334
75.712098
76.490295
77.039613
76.90228199999999
77.33715899999999
78.126801
78.18402
78.45867899999999
79.35131700000001
79.63742100000002
79.877748
80.381286
80.71316399999999
80.999268
80.86193699999998
81.239595
81.342591
81.12515400000001
81.113709
82.04067900000001
81.857574
81.708801
81.20526000000001
81.193818
81.09081900000001
80.907714
80.724609
80.518617
79.20254400000002
78.97366199999999
77.325714
76.330077
75.105561
73.572051
73.572051
73.697937
74.62490700000001
75.403107
76.238526
77.005281
77.577483
77.47448700000001
77.463042
77.64615
77.760591
77.211273
77.703369
77.13116400000001
76.89084
76.18130400000001
77.005281
77.348601
77.07394500000001
76.856505
77.44015499999999
76.86795000000001
77.154054
76.845063
76.50174
76.14697199999999
75.975312
75.74643
75.975312
75.07122900000002
75.00256199999998
74.888124
74.659242
74.304474
74.23580999999999
74.44180200000001
75.036897
73.984038
74.167146
74.052705
73.53771900000001
73.377501
73.331727
72.99984599999999
72.39331200000001
72.11865300000001
72.07287600000001
71.47778399999999
71.44345200000001
70.87124699999998
70.550811
70.173156
70.15026900000001
69.38351399999999
69.40640400000001
69.097413
68.902863
68.593872
68.26199400000002
67.94155799999999
67.40368800000002
66.808593
66.888702
66.499602
66.29361
65.996064
65.37808199999999
64.851654
64.49688599999999
64.41677999999999
63.50125200000001
63.52413899999999
63.24948
62.803161
62.29962299999999
62.20806900000001
61.750305000000004
61.54431300000001
61.029326999999995
60.57156299999999
60.148131
60.22823999999999
59.678925
59.49582000000001
58.797729000000004
58.946502
58.339965
58.09964099999999
57.538878
56.875122
56.24569799999999
56.52035399999999
55.46749799999999
55.284393
55.124174999999994
53.95687800000001
53.933991000000006
53.73944100000001
53.14434899999999
53.41900499999999
53.224458000000006
52.217375999999994
52.080048000000005
51.75961199999999
51.130188000000004
50.969969999999996
50.63809200000001
50.523651
50.763978
51.015747
52.068602999999996
53.27023199999999
54.25442400000001
55.559051999999994
56.360139
58.09964099999999
59.30127000000001
60.57156299999999
62.024964
62.01351900000001
62.505615000000006
62.608611
63.043488
63.56991599999999
63.65002500000001
63.63858
63.856017
64.519776
64.46255400000001
64.66854899999998
65.58407700000001
65.915955
65.81295899999999
66.77426100000001
66.556824
67.151916
67.380798
67.90722600000001
67.987335
68.136108
68.51376300000001
68.63964899999999
69.01730400000001
68.76553200000001
69.417846
70.39059300000001
70.45926
71.02002000000002
71.226012
71.809662
72.038544
72.48486299999999
72.839631
73.469055
73.51483200000001
74.052705
74.63635200000002
74.762238
75.41455200000001
75.025452
75.860871
76.02108900000002
76.078308
76.12408500000001
76.16986200000001
75.975312
76.330077
76.261413
76.00964400000001
76.00964400000001
75.94098
75.174225
74.62490700000001
73.938264
73.228728
72.233094
70.44781499999999
68.76553200000001
67.953003
67.735566
68.536653
69.82983300000001
71.283234
72.622191
72.57641699999999
72.645081
72.69085799999999
72.873963
72.33608999999998
72.290313
72.450531
72.67941299999998
72.56497200000001
72.53063999999999
72.73663200000001
72.81674100000001
73.04562299999999
73.45760999999999
73.228728
73.43472299999999
72.965514
73.011291
71.981322
72.061431
71.832549
71.72955300000001
71.088684
70.99713
70.848357
70.539369
70.41348300000001
70.367706
70.218933
69.87561000000001
69.48651000000001
69.21185400000002
68.97152700000001
68.51376300000001
68.43365399999999
68.239104
67.43802
67.792785
66.83148299999999
67.106139
66.83148299999999
66.25927800000001
66.442383
65.79006899999999
65.44674599999999
65.252196
64.885986
64.96609500000001
64.46255400000001
64.508331
63.61569299999999
63.741575999999995
63.52413899999999
63.432588
63.409698000000006
62.688719999999996
62.42550599999999
61.590087
61.784637
61.13232299999999
61.361205000000005
60.686004
60.61733999999999
60.171020999999996
59.461487999999996
59.66747999999999
58.86639300000001
58.69473300000001
58.626069
57.939423000000005
58.019532
57.229890000000005
56.85223499999999
57.218444999999996
56.554688999999996
56.30291700000001
56.24569799999999
55.478943
55.410278999999996
54.918183
54.632079
54.66641099999999
54.677856
53.716554
53.20156800000001
53.499114000000006
52.698029999999996
52.64080800000001
51.748169999999995
51.496398000000006
51.061524
50.695313999999996
50.168882999999994
50.271882000000005
50.203218
49.60812299999999
50.08877699999999
49.43646300000001
49.276245
48.475158
48.18905699999999
48.24627600000001
48.53238000000001
49.02447600000001
49.49368200000001
50.546538000000005
51.793944
53.70510899999999
54.471864000000004
56.314361999999996
57.68765400000001
59.175383999999994
60.05657999999999
60.674562
61.21243200000001
61.15521300000001
61.532868
61.30398600000001
61.28109599999999
61.13232299999999
61.69308600000001
62.27673299999999
62.55139200000001
62.66583299999999
63.398253
64.176453
64.45111200000001
65.057649
64.86309899999999
65.217864
65.389527
65.297973
65.87017800000001
65.973174
66.522492
66.545379
66.923034
67.197693
67.42657499999999
68.055999
68.09033099999999
68.51376300000001
68.811309
69.14318699999998
69.692505
70.32192900000001
70.77969300000001
71.466339
72.187317
71.924103
73.04562299999999
72.72519
73.320282
73.38894599999999
73.938264
74.304474
74.418915
74.44180200000001
74.87667900000001
75.19711199999999
74.705016
75.00256199999998
74.739348
74.72790599999999
74.92245599999998
74.85378899999999
74.62490700000001
74.132814
73.606383
73.240173
72.416199
71.62655699999999
69.738282
68.51376300000001
67.380798
66.67126499999999
67.94155799999999
68.410767
70.493592
71.294679
72.56497200000001
72.267426
72.152985
72.69085799999999
71.68377600000001
71.981322
71.99276699999999
71.374785
71.62655699999999
71.569335
72.027099
71.283234
71.72955300000001
72.58785900000001
72.324645
72.416199
72.233094
71.546448
71.99276699999999
71.603667
71.031465
70.642365
70.82547000000001
70.52792399999998
70.35626099999999
70.619475
70.047273
69.93283199999999
69.87561000000001
69.944274
69.543732
69.38351399999999
69.543732
69.15463199999999
68.834199
68.89141799999999
68.467986
68.43365399999999
68.216217
67.57534799999999
67.43802
67.197693
67.04892000000001
66.70559700000001
66.67126499999999
66.430938
66.202056
65.61840899999999
65.77862400000001
65.629851
65.400969
64.885986
65.126313
65.137755
64.130676
63.936125999999994
64.359558
63.63858
62.96337900000001
62.700165000000005
62.734497
62.05929600000001
61.796082000000006
61.338318
60.903441
60.926331
60.686004
60.388458
60.148131
59.62170299999999
59.40426600000001
58.820619
58.774842
58.042419
57.61898699999999
57.19555799999999
57.19555799999999
57.023894999999996
56.10836700000001
56.463134999999994
55.70782499999999
55.44461100000001
55.124174999999994
55.05551100000001
53.85388199999999
54.288756
53.018463
53.522004
52.938354000000004
52.022825999999995
51.73672500000001
51.553619999999995
51.427734
50.87841900000001
51.07296900000001
50.99285999999999
50.31765599999999
50.226105000000004
49.985778
49.356353999999996
48.475158
48.87570300000001
49.711122
49.791228000000004
50.718201
51.95416199999999
53.647887000000004
54.95251499999999
56.234253
58.065309
59.20971600000001
60.022248
60.972108
62.002074
61.80752699999999
61.944855000000004
62.070741
61.86474599999999
62.196624
62.322509999999994
62.757384
62.81460599999999
63.76446599999999
64.29089400000001
64.81732199999999
65.35519500000001
65.595519
65.41241400000001
65.469636
65.84729100000001
66.46527
66.167724
66.71704199999999
66.865815
67.56390300000001
67.953003
68.28488099999998
68.181885
69.097413
69.06308099999998
69.70395
69.990051
70.516479
70.985688
71.13446099999999
71.95843500000001
72.01565699999999
72.59930399999999
72.82818600000002
73.583496
74.14425599999998
74.06414699999999
74.567688
74.659242
75.208557
75.540435
75.998199
75.815094
75.963867
75.906648
75.72354
76.261413
76.29574499999998
76.10119499999999
76.330077
75.769317
75.860871
75.72354
75.28866599999999
74.270142
73.43472299999999
71.912658
70.951356
69.566619
68.216217
68.19333
68.799867
69.520845
71.13446099999999
72.22164900000001
73.04562299999999
73.137177
73.102845
72.748077
73.240173
73.308837
73.400391
73.17150900000001
73.25161800000001
72.622191
73.160064
73.297395
73.469055
73.297395
73.995483
73.88104200000001
73.469055
73.526277
73.274505
73.02273600000001
72.519195
72.47341800000001
72.107208
72.027099
71.62655699999999
71.123016
70.367706
70.75680600000001
71.157348
71.04290699999999
70.76825099999999
71.10012900000001
70.939911
71.02002000000002
71.088684
70.836915
70.024383
69.864165
69.38351399999999
69.15463199999999
68.662536
68.60531700000001
68.307771
68.353545
67.586793
67.495239
67.16336100000001
67.357911
66.522492
67.16336100000001
66.53393700000001
66.339387
65.858733
65.73285
65.44674599999999
65.034759
64.80587700000001
64.679994
64.634217
64.256562
64.07345699999999
63.63858
63.77590800000001
63.558471000000004
63.032042999999994
62.76882899999999
62.459838000000005
61.830414
61.80752699999999
61.76174999999999
61.20098999999999
60.96066299999999
60.891999000000006
60.342681
59.942139000000005
59.781921
59.530152
59.71325699999999
59.186829
58.969392
58.86639300000001
58.282746
57.721986
58.088196
57.973755
57.59610000000001
56.93234400000001
56.17703099999999
56.085480000000004
56.028257999999994
55.536162
54.986847000000004
54.620637
54.56341499999999
53.945435999999994
54.426087
53.78521800000001
53.384673
53.04135
52.846802999999994